Result: 0.780302
Time: 1.63756
