Result: 5.57887
Time: 3.16961
