Result: 0.879617
Time: 8.90636
