Result: 1.07166
Time: 6.83783
